
======================================================================
TABLEAU DE CONTRAINTES
======================================================================
Matrice des coûts
-----------------
    |     C1 |     C2 |     C3 |     C4 |     C5 |     C6 |     C7 |     C8 |     C9 |    C10
---------------------------------------------------------------------------------------------
 P1 |   1.00 |   2.00 |   3.00 |   4.00 |   5.00 |   6.00 |   7.00 |   8.00 |   9.00 |  10.00
 P2 |  11.00 |  12.00 |  13.00 |  14.00 |  15.00 |  16.00 |  17.00 |  18.00 |  19.00 |  20.00
 P3 |  21.00 |  22.00 |  23.00 |  24.00 |  25.00 |  26.00 |  27.00 |  28.00 |  29.00 |  30.00
 P4 |  31.00 |  32.00 |  33.00 |  34.00 |  35.00 |  36.00 |  37.00 |  38.00 |  39.00 |  40.00
 P5 |  41.00 |  41.00 |  43.00 |  44.00 |  45.00 |  46.00 |  47.00 |  48.00 |  49.00 |  50.00
 P6 |  51.00 |  52.00 |  53.00 |  54.00 |  55.00 |  56.00 |  57.00 |  58.00 |  59.00 |  60.00
 P7 |  61.00 |  62.00 |  63.00 |  64.00 |  65.00 |  66.00 |  67.00 |  68.00 |  69.00 |  70.00
 P8 |  71.00 |  72.00 |  73.00 |  74.00 |  75.00 |  76.00 |  77.00 |  78.00 |  79.00 |  80.00
 P9 |  81.00 |  82.00 |  83.00 |  84.00 |  85.00 |  86.00 |  87.00 |  88.00 |  89.00 |  90.00
P10 |  91.00 |  92.00 |  93.00 |  94.00 |  95.00 |  96.00 |  97.00 |  98.00 |  99.00 | 100.00
P11 | 101.00 | 102.00 | 103.00 | 104.00 | 105.00 | 106.00 | 107.00 | 108.00 | 109.00 | 110.00
P12 | 111.00 | 112.00 | 113.00 | 114.00 | 115.00 | 116.00 | 117.00 | 118.00 | 119.00 | 120.00
P13 | 121.00 | 122.00 | 123.00 | 124.00 | 125.00 | 126.00 | 127.00 | 128.00 | 129.00 | 130.00
P14 | 131.00 | 132.00 | 133.00 | 134.00 | 135.00 | 136.00 | 137.00 | 138.00 | 139.00 | 140.00
P15 | 141.00 | 142.00 | 143.00 | 144.00 | 145.00 | 146.00 | 147.00 | 148.00 | 149.00 | 150.00
P16 | 151.00 | 152.00 | 153.00 | 154.00 | 155.00 | 156.00 | 157.00 | 158.00 | 159.00 | 160.00
P17 | 161.00 | 162.00 | 163.00 | 164.00 | 165.00 | 166.00 | 167.00 | 168.00 | 169.00 | 170.00
P18 | 171.00 | 172.00 | 173.00 | 174.00 | 175.00 | 176.00 | 177.00 | 178.00 | 179.00 | 180.00
P19 | 181.00 | 182.00 | 183.00 | 184.00 | 185.00 | 186.00 | 187.00 | 188.00 | 189.00 | 190.00
P20 | 191.00 | 192.00 | 193.00 | 194.00 | 195.00 | 196.00 | 197.00 | 198.00 | 199.00 | 200.00

Provisions : [10.0, 20.0, 30.0, 40.0, 50.0, 60.0, 70.0, 80.0, 90.0, 100.0, 110.0, 120.0, 130.0, 140.0, 150.0, 160.0, 170.0, 180.0, 190.0, 200.0]
Commandes  : [120.0, 140.0, 160.0, 180.0, 200.0, 220.0, 240.0, 260.0, 280.0, 300.0]
Total provisions : 2100.00
Total commandes  : 2100.00

======================================================================
>>> ALGORITHME DU COIN NORD-OUEST <<<
======================================================================

>>> Proposition de transport initiale <<<
Proposition de transport
------------------------
    |    C1 |    C2 |    C3 |     C4 |     C5 |     C6 |     C7 |     C8 |     C9 |    C10
------------------------------------------------------------------------------------------
 P1 | 10.00 |  0.00 |  0.00 |   0.00 |   0.00 |   0.00 |   0.00 |   0.00 |   0.00 |   0.00
 P2 | 20.00 |  0.00 |  0.00 |   0.00 |   0.00 |   0.00 |   0.00 |   0.00 |   0.00 |   0.00
 P3 | 30.00 |  0.00 |  0.00 |   0.00 |   0.00 |   0.00 |   0.00 |   0.00 |   0.00 |   0.00
 P4 | 40.00 |  0.00 |  0.00 |   0.00 |   0.00 |   0.00 |   0.00 |   0.00 |   0.00 |   0.00
 P5 | 20.00 | 30.00 |  0.00 |   0.00 |   0.00 |   0.00 |   0.00 |   0.00 |   0.00 |   0.00
 P6 |  0.00 | 60.00 |  0.00 |   0.00 |   0.00 |   0.00 |   0.00 |   0.00 |   0.00 |   0.00
 P7 |  0.00 | 50.00 | 20.00 |   0.00 |   0.00 |   0.00 |   0.00 |   0.00 |   0.00 |   0.00
 P8 |  0.00 |  0.00 | 80.00 |   0.00 |   0.00 |   0.00 |   0.00 |   0.00 |   0.00 |   0.00
 P9 |  0.00 |  0.00 | 60.00 |  30.00 |   0.00 |   0.00 |   0.00 |   0.00 |   0.00 |   0.00
P10 |  0.00 |  0.00 |  0.00 | 100.00 |   0.00 |   0.00 |   0.00 |   0.00 |   0.00 |   0.00
P11 |  0.00 |  0.00 |  0.00 |  50.00 |  60.00 |   0.00 |   0.00 |   0.00 |   0.00 |   0.00
P12 |  0.00 |  0.00 |  0.00 |   0.00 | 120.00 |   0.00 |   0.00 |   0.00 |   0.00 |   0.00
P13 |  0.00 |  0.00 |  0.00 |   0.00 |  20.00 | 110.00 |   0.00 |   0.00 |   0.00 |   0.00
P14 |  0.00 |  0.00 |  0.00 |   0.00 |   0.00 | 110.00 |  30.00 |   0.00 |   0.00 |   0.00
P15 |  0.00 |  0.00 |  0.00 |   0.00 |   0.00 |   0.00 | 150.00 |   0.00 |   0.00 |   0.00
P16 |  0.00 |  0.00 |  0.00 |   0.00 |   0.00 |   0.00 |  60.00 | 100.00 |   0.00 |   0.00
P17 |  0.00 |  0.00 |  0.00 |   0.00 |   0.00 |   0.00 |   0.00 | 160.00 |  10.00 |   0.00
P18 |  0.00 |  0.00 |  0.00 |   0.00 |   0.00 |   0.00 |   0.00 |   0.00 | 180.00 |   0.00
P19 |  0.00 |  0.00 |  0.00 |   0.00 |   0.00 |   0.00 |   0.00 |   0.00 |  90.00 | 100.00
P20 |  0.00 |  0.00 |  0.00 |   0.00 |   0.00 |   0.00 |   0.00 |   0.00 |   0.00 | 200.00

Coût total initial : 279170.00

======================================================================
>>> MÉTHODE DU MARCHE-PIED AVEC POTENTIEL <<<
======================================================================

======================================================================
ITÉRATION 1
======================================================================

>>> Proposition de transport actuelle <<<
Proposition de transport
------------------------
    |    C1 |    C2 |    C3 |     C4 |     C5 |     C6 |     C7 |     C8 |     C9 |    C10
------------------------------------------------------------------------------------------
 P1 | 10.00 |  0.00 |  0.00 |   0.00 |   0.00 |   0.00 |   0.00 |   0.00 |   0.00 |   0.00
 P2 | 20.00 |  0.00 |  0.00 |   0.00 |   0.00 |   0.00 |   0.00 |   0.00 |   0.00 |   0.00
 P3 | 30.00 |  0.00 |  0.00 |   0.00 |   0.00 |   0.00 |   0.00 |   0.00 |   0.00 |   0.00
 P4 | 40.00 |  0.00 |  0.00 |   0.00 |   0.00 |   0.00 |   0.00 |   0.00 |   0.00 |   0.00
 P5 | 20.00 | 30.00 |  0.00 |   0.00 |   0.00 |   0.00 |   0.00 |   0.00 |   0.00 |   0.00
 P6 |  0.00 | 60.00 |  0.00 |   0.00 |   0.00 |   0.00 |   0.00 |   0.00 |   0.00 |   0.00
 P7 |  0.00 | 50.00 | 20.00 |   0.00 |   0.00 |   0.00 |   0.00 |   0.00 |   0.00 |   0.00
 P8 |  0.00 |  0.00 | 80.00 |   0.00 |   0.00 |   0.00 |   0.00 |   0.00 |   0.00 |   0.00
 P9 |  0.00 |  0.00 | 60.00 |  30.00 |   0.00 |   0.00 |   0.00 |   0.00 |   0.00 |   0.00
P10 |  0.00 |  0.00 |  0.00 | 100.00 |   0.00 |   0.00 |   0.00 |   0.00 |   0.00 |   0.00
P11 |  0.00 |  0.00 |  0.00 |  50.00 |  60.00 |   0.00 |   0.00 |   0.00 |   0.00 |   0.00
P12 |  0.00 |  0.00 |  0.00 |   0.00 | 120.00 |   0.00 |   0.00 |   0.00 |   0.00 |   0.00
P13 |  0.00 |  0.00 |  0.00 |   0.00 |  20.00 | 110.00 |   0.00 |   0.00 |   0.00 |   0.00
P14 |  0.00 |  0.00 |  0.00 |   0.00 |   0.00 | 110.00 |  30.00 |   0.00 |   0.00 |   0.00
P15 |  0.00 |  0.00 |  0.00 |   0.00 |   0.00 |   0.00 | 150.00 |   0.00 |   0.00 |   0.00
P16 |  0.00 |  0.00 |  0.00 |   0.00 |   0.00 |   0.00 |  60.00 | 100.00 |   0.00 |   0.00
P17 |  0.00 |  0.00 |  0.00 |   0.00 |   0.00 |   0.00 |   0.00 | 160.00 |  10.00 |   0.00
P18 |  0.00 |  0.00 |  0.00 |   0.00 |   0.00 |   0.00 |   0.00 |   0.00 | 180.00 |   0.00
P19 |  0.00 |  0.00 |  0.00 |   0.00 |   0.00 |   0.00 |   0.00 |   0.00 |  90.00 | 100.00
P20 |  0.00 |  0.00 |  0.00 |   0.00 |   0.00 |   0.00 |   0.00 |   0.00 |   0.00 | 200.00

Coût total actuel : 279170.00

>>> Potentiels par sommet <<<
Potentiels
----------
Sommet |        Type | Potentiel
--------------------------------
    P1 | Fournisseur |      0.00
    P2 | Fournisseur |     10.00
    P3 | Fournisseur |     20.00
    P4 | Fournisseur |     30.00
    P5 | Fournisseur |     40.00
    P6 | Fournisseur |     51.00
    P7 | Fournisseur |     61.00
    P8 | Fournisseur |     71.00
    P9 | Fournisseur |     81.00
   P10 | Fournisseur |     91.00
   P11 | Fournisseur |    101.00
   P12 | Fournisseur |    111.00
   P13 | Fournisseur |    121.00
   P14 | Fournisseur |    131.00
   P15 | Fournisseur |    141.00
   P16 | Fournisseur |    151.00
   P17 | Fournisseur |    161.00
   P18 | Fournisseur |    171.00
   P19 | Fournisseur |    181.00
   P20 | Fournisseur |    191.00
    C1 |      Client |      1.00
    C2 |      Client |      1.00
    C3 |      Client |      2.00
    C4 |      Client |      3.00
    C5 |      Client |      4.00
    C6 |      Client |      5.00
    C7 |      Client |      6.00
    C8 |      Client |      7.00
    C9 |      Client |      8.00
   C10 |      Client |      9.00

>>> Table des coûts potentiels <<<
Table des coûts potentiels
--------------------------
    |     C1 |     C2 |     C3 |     C4 |     C5 |     C6 |     C7 |     C8 |     C9 |    C10
---------------------------------------------------------------------------------------------
 P1 |   1.00 |   1.00 |   2.00 |   3.00 |   4.00 |   5.00 |   6.00 |   7.00 |   8.00 |   9.00
 P2 |  11.00 |  11.00 |  12.00 |  13.00 |  14.00 |  15.00 |  16.00 |  17.00 |  18.00 |  19.00
 P3 |  21.00 |  21.00 |  22.00 |  23.00 |  24.00 |  25.00 |  26.00 |  27.00 |  28.00 |  29.00
 P4 |  31.00 |  31.00 |  32.00 |  33.00 |  34.00 |  35.00 |  36.00 |  37.00 |  38.00 |  39.00
 P5 |  41.00 |  41.00 |  42.00 |  43.00 |  44.00 |  45.00 |  46.00 |  47.00 |  48.00 |  49.00
 P6 |  52.00 |  52.00 |  53.00 |  54.00 |  55.00 |  56.00 |  57.00 |  58.00 |  59.00 |  60.00
 P7 |  62.00 |  62.00 |  63.00 |  64.00 |  65.00 |  66.00 |  67.00 |  68.00 |  69.00 |  70.00
 P8 |  72.00 |  72.00 |  73.00 |  74.00 |  75.00 |  76.00 |  77.00 |  78.00 |  79.00 |  80.00
 P9 |  82.00 |  82.00 |  83.00 |  84.00 |  85.00 |  86.00 |  87.00 |  88.00 |  89.00 |  90.00
P10 |  92.00 |  92.00 |  93.00 |  94.00 |  95.00 |  96.00 |  97.00 |  98.00 |  99.00 | 100.00
P11 | 102.00 | 102.00 | 103.00 | 104.00 | 105.00 | 106.00 | 107.00 | 108.00 | 109.00 | 110.00
P12 | 112.00 | 112.00 | 113.00 | 114.00 | 115.00 | 116.00 | 117.00 | 118.00 | 119.00 | 120.00
P13 | 122.00 | 122.00 | 123.00 | 124.00 | 125.00 | 126.00 | 127.00 | 128.00 | 129.00 | 130.00
P14 | 132.00 | 132.00 | 133.00 | 134.00 | 135.00 | 136.00 | 137.00 | 138.00 | 139.00 | 140.00
P15 | 142.00 | 142.00 | 143.00 | 144.00 | 145.00 | 146.00 | 147.00 | 148.00 | 149.00 | 150.00
P16 | 152.00 | 152.00 | 153.00 | 154.00 | 155.00 | 156.00 | 157.00 | 158.00 | 159.00 | 160.00
P17 | 162.00 | 162.00 | 163.00 | 164.00 | 165.00 | 166.00 | 167.00 | 168.00 | 169.00 | 170.00
P18 | 172.00 | 172.00 | 173.00 | 174.00 | 175.00 | 176.00 | 177.00 | 178.00 | 179.00 | 180.00
P19 | 182.00 | 182.00 | 183.00 | 184.00 | 185.00 | 186.00 | 187.00 | 188.00 | 189.00 | 190.00
P20 | 192.00 | 192.00 | 193.00 | 194.00 | 195.00 | 196.00 | 197.00 | 198.00 | 199.00 | 200.00

>>> Table des coûts marginaux <<<
Table des coûts marginaux
-------------------------
    |    C1 |   C2 |   C3 |   C4 |   C5 |   C6 |   C7 |   C8 |   C9 |  C10
--------------------------------------------------------------------------
 P1 |  0.00 | 1.00 | 1.00 | 1.00 | 1.00 | 1.00 | 1.00 | 1.00 | 1.00 | 1.00
 P2 |  0.00 | 1.00 | 1.00 | 1.00 | 1.00 | 1.00 | 1.00 | 1.00 | 1.00 | 1.00
 P3 |  0.00 | 1.00 | 1.00 | 1.00 | 1.00 | 1.00 | 1.00 | 1.00 | 1.00 | 1.00
 P4 |  0.00 | 1.00 | 1.00 | 1.00 | 1.00 | 1.00 | 1.00 | 1.00 | 1.00 | 1.00
 P5 |  0.00 | 0.00 | 1.00 | 1.00 | 1.00 | 1.00 | 1.00 | 1.00 | 1.00 | 1.00
 P6 | -1.00 | 0.00 | 0.00 | 0.00 | 0.00 | 0.00 | 0.00 | 0.00 | 0.00 | 0.00
 P7 | -1.00 | 0.00 | 0.00 | 0.00 | 0.00 | 0.00 | 0.00 | 0.00 | 0.00 | 0.00
 P8 | -1.00 | 0.00 | 0.00 | 0.00 | 0.00 | 0.00 | 0.00 | 0.00 | 0.00 | 0.00
 P9 | -1.00 | 0.00 | 0.00 | 0.00 | 0.00 | 0.00 | 0.00 | 0.00 | 0.00 | 0.00
P10 | -1.00 | 0.00 | 0.00 | 0.00 | 0.00 | 0.00 | 0.00 | 0.00 | 0.00 | 0.00
P11 | -1.00 | 0.00 | 0.00 | 0.00 | 0.00 | 0.00 | 0.00 | 0.00 | 0.00 | 0.00
P12 | -1.00 | 0.00 | 0.00 | 0.00 | 0.00 | 0.00 | 0.00 | 0.00 | 0.00 | 0.00
P13 | -1.00 | 0.00 | 0.00 | 0.00 | 0.00 | 0.00 | 0.00 | 0.00 | 0.00 | 0.00
P14 | -1.00 | 0.00 | 0.00 | 0.00 | 0.00 | 0.00 | 0.00 | 0.00 | 0.00 | 0.00
P15 | -1.00 | 0.00 | 0.00 | 0.00 | 0.00 | 0.00 | 0.00 | 0.00 | 0.00 | 0.00
P16 | -1.00 | 0.00 | 0.00 | 0.00 | 0.00 | 0.00 | 0.00 | 0.00 | 0.00 | 0.00
P17 | -1.00 | 0.00 | 0.00 | 0.00 | 0.00 | 0.00 | 0.00 | 0.00 | 0.00 | 0.00
P18 | -1.00 | 0.00 | 0.00 | 0.00 | 0.00 | 0.00 | 0.00 | 0.00 | 0.00 | 0.00
P19 | -1.00 | 0.00 | 0.00 | 0.00 | 0.00 | 0.00 | 0.00 | 0.00 | 0.00 | 0.00
P20 | -1.00 | 0.00 | 0.00 | 0.00 | 0.00 | 0.00 | 0.00 | 0.00 | 0.00 | 0.00

>>> Arête améliorante détectée <<<
  Case : (6, 1) = P6 -> C1
  Coût marginal : -1.000000
  Cycle formé : [(5, 0)]
  Maximisation effectuée avec delta = 0.000000

⚠ Delta = 0 : cas particulier détecté
  On conserve l'arête améliorante et on enlève les arêtes ajoutées lors du test de connexité
  L'arête améliorante est conservée avec valeur epsilon

======================================================================
ITÉRATION 2
======================================================================

>>> Proposition de transport actuelle <<<
Proposition de transport
------------------------
    |    C1 |    C2 |    C3 |     C4 |     C5 |     C6 |     C7 |     C8 |     C9 |    C10
------------------------------------------------------------------------------------------
 P1 | 10.00 |  0.00 |  0.00 |   0.00 |   0.00 |   0.00 |   0.00 |   0.00 |   0.00 |   0.00
 P2 | 20.00 |  0.00 |  0.00 |   0.00 |   0.00 |   0.00 |   0.00 |   0.00 |   0.00 |   0.00
 P3 | 30.00 |  0.00 |  0.00 |   0.00 |   0.00 |   0.00 |   0.00 |   0.00 |   0.00 |   0.00
 P4 | 40.00 |  0.00 |  0.00 |   0.00 |   0.00 |   0.00 |   0.00 |   0.00 |   0.00 |   0.00
 P5 | 20.00 | 30.00 |  0.00 |   0.00 |   0.00 |   0.00 |   0.00 |   0.00 |   0.00 |   0.00
 P6 |  0.00 | 60.00 |  0.00 |   0.00 |   0.00 |   0.00 |   0.00 |   0.00 |   0.00 |   0.00
 P7 |  0.00 | 50.00 | 20.00 |   0.00 |   0.00 |   0.00 |   0.00 |   0.00 |   0.00 |   0.00
 P8 |  0.00 |  0.00 | 80.00 |   0.00 |   0.00 |   0.00 |   0.00 |   0.00 |   0.00 |   0.00
 P9 |  0.00 |  0.00 | 60.00 |  30.00 |   0.00 |   0.00 |   0.00 |   0.00 |   0.00 |   0.00
P10 |  0.00 |  0.00 |  0.00 | 100.00 |   0.00 |   0.00 |   0.00 |   0.00 |   0.00 |   0.00
P11 |  0.00 |  0.00 |  0.00 |  50.00 |  60.00 |   0.00 |   0.00 |   0.00 |   0.00 |   0.00
P12 |  0.00 |  0.00 |  0.00 |   0.00 | 120.00 |   0.00 |   0.00 |   0.00 |   0.00 |   0.00
P13 |  0.00 |  0.00 |  0.00 |   0.00 |  20.00 | 110.00 |   0.00 |   0.00 |   0.00 |   0.00
P14 |  0.00 |  0.00 |  0.00 |   0.00 |   0.00 | 110.00 |  30.00 |   0.00 |   0.00 |   0.00
P15 |  0.00 |  0.00 |  0.00 |   0.00 |   0.00 |   0.00 | 150.00 |   0.00 |   0.00 |   0.00
P16 |  0.00 |  0.00 |  0.00 |   0.00 |   0.00 |   0.00 |  60.00 | 100.00 |   0.00 |   0.00
P17 |  0.00 |  0.00 |  0.00 |   0.00 |   0.00 |   0.00 |   0.00 | 160.00 |  10.00 |   0.00
P18 |  0.00 |  0.00 |  0.00 |   0.00 |   0.00 |   0.00 |   0.00 |   0.00 | 180.00 |   0.00
P19 |  0.00 |  0.00 |  0.00 |   0.00 |   0.00 |   0.00 |   0.00 |   0.00 |  90.00 | 100.00
P20 |  0.00 |  0.00 |  0.00 |   0.00 |   0.00 |   0.00 |   0.00 |   0.00 |   0.00 | 200.00

Coût total actuel : 279170.00

>>> Potentiels par sommet <<<
Potentiels
----------
Sommet |        Type | Potentiel
--------------------------------
    P1 | Fournisseur |      0.00
    P2 | Fournisseur |     10.00
    P3 | Fournisseur |     20.00
    P4 | Fournisseur |     30.00
    P5 | Fournisseur |     40.00
    P6 | Fournisseur |     50.00
    P7 | Fournisseur |     61.00
    P8 | Fournisseur |     71.00
    P9 | Fournisseur |     81.00
   P10 | Fournisseur |     91.00
   P11 | Fournisseur |    101.00
   P12 | Fournisseur |    111.00
   P13 | Fournisseur |    121.00
   P14 | Fournisseur |    131.00
   P15 | Fournisseur |    141.00
   P16 | Fournisseur |    151.00
   P17 | Fournisseur |    161.00
   P18 | Fournisseur |    171.00
   P19 | Fournisseur |    181.00
   P20 | Fournisseur |    191.00
    C1 |      Client |      1.00
    C2 |      Client |      1.00
    C3 |      Client |      2.00
    C4 |      Client |      3.00
    C5 |      Client |      4.00
    C6 |      Client |      5.00
    C7 |      Client |      6.00
    C8 |      Client |      7.00
    C9 |      Client |      8.00
   C10 |      Client |      9.00

>>> Table des coûts potentiels <<<
Table des coûts potentiels
--------------------------
    |     C1 |     C2 |     C3 |     C4 |     C5 |     C6 |     C7 |     C8 |     C9 |    C10
---------------------------------------------------------------------------------------------
 P1 |   1.00 |   1.00 |   2.00 |   3.00 |   4.00 |   5.00 |   6.00 |   7.00 |   8.00 |   9.00
 P2 |  11.00 |  11.00 |  12.00 |  13.00 |  14.00 |  15.00 |  16.00 |  17.00 |  18.00 |  19.00
 P3 |  21.00 |  21.00 |  22.00 |  23.00 |  24.00 |  25.00 |  26.00 |  27.00 |  28.00 |  29.00
 P4 |  31.00 |  31.00 |  32.00 |  33.00 |  34.00 |  35.00 |  36.00 |  37.00 |  38.00 |  39.00
 P5 |  41.00 |  41.00 |  42.00 |  43.00 |  44.00 |  45.00 |  46.00 |  47.00 |  48.00 |  49.00
 P6 |  51.00 |  51.00 |  52.00 |  53.00 |  54.00 |  55.00 |  56.00 |  57.00 |  58.00 |  59.00
 P7 |  62.00 |  62.00 |  63.00 |  64.00 |  65.00 |  66.00 |  67.00 |  68.00 |  69.00 |  70.00
 P8 |  72.00 |  72.00 |  73.00 |  74.00 |  75.00 |  76.00 |  77.00 |  78.00 |  79.00 |  80.00
 P9 |  82.00 |  82.00 |  83.00 |  84.00 |  85.00 |  86.00 |  87.00 |  88.00 |  89.00 |  90.00
P10 |  92.00 |  92.00 |  93.00 |  94.00 |  95.00 |  96.00 |  97.00 |  98.00 |  99.00 | 100.00
P11 | 102.00 | 102.00 | 103.00 | 104.00 | 105.00 | 106.00 | 107.00 | 108.00 | 109.00 | 110.00
P12 | 112.00 | 112.00 | 113.00 | 114.00 | 115.00 | 116.00 | 117.00 | 118.00 | 119.00 | 120.00
P13 | 122.00 | 122.00 | 123.00 | 124.00 | 125.00 | 126.00 | 127.00 | 128.00 | 129.00 | 130.00
P14 | 132.00 | 132.00 | 133.00 | 134.00 | 135.00 | 136.00 | 137.00 | 138.00 | 139.00 | 140.00
P15 | 142.00 | 142.00 | 143.00 | 144.00 | 145.00 | 146.00 | 147.00 | 148.00 | 149.00 | 150.00
P16 | 152.00 | 152.00 | 153.00 | 154.00 | 155.00 | 156.00 | 157.00 | 158.00 | 159.00 | 160.00
P17 | 162.00 | 162.00 | 163.00 | 164.00 | 165.00 | 166.00 | 167.00 | 168.00 | 169.00 | 170.00
P18 | 172.00 | 172.00 | 173.00 | 174.00 | 175.00 | 176.00 | 177.00 | 178.00 | 179.00 | 180.00
P19 | 182.00 | 182.00 | 183.00 | 184.00 | 185.00 | 186.00 | 187.00 | 188.00 | 189.00 | 190.00
P20 | 192.00 | 192.00 | 193.00 | 194.00 | 195.00 | 196.00 | 197.00 | 198.00 | 199.00 | 200.00

>>> Table des coûts marginaux <<<
Table des coûts marginaux
-------------------------
    |    C1 |   C2 |   C3 |   C4 |   C5 |   C6 |   C7 |   C8 |   C9 |  C10
--------------------------------------------------------------------------
 P1 |  0.00 | 1.00 | 1.00 | 1.00 | 1.00 | 1.00 | 1.00 | 1.00 | 1.00 | 1.00
 P2 |  0.00 | 1.00 | 1.00 | 1.00 | 1.00 | 1.00 | 1.00 | 1.00 | 1.00 | 1.00
 P3 |  0.00 | 1.00 | 1.00 | 1.00 | 1.00 | 1.00 | 1.00 | 1.00 | 1.00 | 1.00
 P4 |  0.00 | 1.00 | 1.00 | 1.00 | 1.00 | 1.00 | 1.00 | 1.00 | 1.00 | 1.00
 P5 |  0.00 | 0.00 | 1.00 | 1.00 | 1.00 | 1.00 | 1.00 | 1.00 | 1.00 | 1.00
 P6 |  0.00 | 1.00 | 1.00 | 1.00 | 1.00 | 1.00 | 1.00 | 1.00 | 1.00 | 1.00
 P7 | -1.00 | 0.00 | 0.00 | 0.00 | 0.00 | 0.00 | 0.00 | 0.00 | 0.00 | 0.00
 P8 | -1.00 | 0.00 | 0.00 | 0.00 | 0.00 | 0.00 | 0.00 | 0.00 | 0.00 | 0.00
 P9 | -1.00 | 0.00 | 0.00 | 0.00 | 0.00 | 0.00 | 0.00 | 0.00 | 0.00 | 0.00
P10 | -1.00 | 0.00 | 0.00 | 0.00 | 0.00 | 0.00 | 0.00 | 0.00 | 0.00 | 0.00
P11 | -1.00 | 0.00 | 0.00 | 0.00 | 0.00 | 0.00 | 0.00 | 0.00 | 0.00 | 0.00
P12 | -1.00 | 0.00 | 0.00 | 0.00 | 0.00 | 0.00 | 0.00 | 0.00 | 0.00 | 0.00
P13 | -1.00 | 0.00 | 0.00 | 0.00 | 0.00 | 0.00 | 0.00 | 0.00 | 0.00 | 0.00
P14 | -1.00 | 0.00 | 0.00 | 0.00 | 0.00 | 0.00 | 0.00 | 0.00 | 0.00 | 0.00
P15 | -1.00 | 0.00 | 0.00 | 0.00 | 0.00 | 0.00 | 0.00 | 0.00 | 0.00 | 0.00
P16 | -1.00 | 0.00 | 0.00 | 0.00 | 0.00 | 0.00 | 0.00 | 0.00 | 0.00 | 0.00
P17 | -1.00 | 0.00 | 0.00 | 0.00 | 0.00 | 0.00 | 0.00 | 0.00 | 0.00 | 0.00
P18 | -1.00 | 0.00 | 0.00 | 0.00 | 0.00 | 0.00 | 0.00 | 0.00 | 0.00 | 0.00
P19 | -1.00 | 0.00 | 0.00 | 0.00 | 0.00 | 0.00 | 0.00 | 0.00 | 0.00 | 0.00
P20 | -1.00 | 0.00 | 0.00 | 0.00 | 0.00 | 0.00 | 0.00 | 0.00 | 0.00 | 0.00

>>> Arête améliorante détectée <<<
  Case : (7, 1) = P7 -> C1
  Coût marginal : -1.000000
  Cycle formé : [(6, 0)]
  Maximisation effectuée avec delta = 0.000000

⚠ Delta = 0 : cas particulier détecté
  On conserve l'arête améliorante et on enlève les arêtes ajoutées lors du test de connexité
  L'arête améliorante est conservée avec valeur epsilon

======================================================================
ITÉRATION 3
======================================================================

>>> Proposition de transport actuelle <<<
Proposition de transport
------------------------
    |    C1 |    C2 |    C3 |     C4 |     C5 |     C6 |     C7 |     C8 |     C9 |    C10
------------------------------------------------------------------------------------------
 P1 | 10.00 |  0.00 |  0.00 |   0.00 |   0.00 |   0.00 |   0.00 |   0.00 |   0.00 |   0.00
 P2 | 20.00 |  0.00 |  0.00 |   0.00 |   0.00 |   0.00 |   0.00 |   0.00 |   0.00 |   0.00
 P3 | 30.00 |  0.00 |  0.00 |   0.00 |   0.00 |   0.00 |   0.00 |   0.00 |   0.00 |   0.00
 P4 | 40.00 |  0.00 |  0.00 |   0.00 |   0.00 |   0.00 |   0.00 |   0.00 |   0.00 |   0.00
 P5 | 20.00 | 30.00 |  0.00 |   0.00 |   0.00 |   0.00 |   0.00 |   0.00 |   0.00 |   0.00
 P6 |  0.00 | 60.00 |  0.00 |   0.00 |   0.00 |   0.00 |   0.00 |   0.00 |   0.00 |   0.00
 P7 |  0.00 | 50.00 | 20.00 |   0.00 |   0.00 |   0.00 |   0.00 |   0.00 |   0.00 |   0.00
 P8 |  0.00 |  0.00 | 80.00 |   0.00 |   0.00 |   0.00 |   0.00 |   0.00 |   0.00 |   0.00
 P9 |  0.00 |  0.00 | 60.00 |  30.00 |   0.00 |   0.00 |   0.00 |   0.00 |   0.00 |   0.00
P10 |  0.00 |  0.00 |  0.00 | 100.00 |   0.00 |   0.00 |   0.00 |   0.00 |   0.00 |   0.00
P11 |  0.00 |  0.00 |  0.00 |  50.00 |  60.00 |   0.00 |   0.00 |   0.00 |   0.00 |   0.00
P12 |  0.00 |  0.00 |  0.00 |   0.00 | 120.00 |   0.00 |   0.00 |   0.00 |   0.00 |   0.00
P13 |  0.00 |  0.00 |  0.00 |   0.00 |  20.00 | 110.00 |   0.00 |   0.00 |   0.00 |   0.00
P14 |  0.00 |  0.00 |  0.00 |   0.00 |   0.00 | 110.00 |  30.00 |   0.00 |   0.00 |   0.00
P15 |  0.00 |  0.00 |  0.00 |   0.00 |   0.00 |   0.00 | 150.00 |   0.00 |   0.00 |   0.00
P16 |  0.00 |  0.00 |  0.00 |   0.00 |   0.00 |   0.00 |  60.00 | 100.00 |   0.00 |   0.00
P17 |  0.00 |  0.00 |  0.00 |   0.00 |   0.00 |   0.00 |   0.00 | 160.00 |  10.00 |   0.00
P18 |  0.00 |  0.00 |  0.00 |   0.00 |   0.00 |   0.00 |   0.00 |   0.00 | 180.00 |   0.00
P19 |  0.00 |  0.00 |  0.00 |   0.00 |   0.00 |   0.00 |   0.00 |   0.00 |  90.00 | 100.00
P20 |  0.00 |  0.00 |  0.00 |   0.00 |   0.00 |   0.00 |   0.00 |   0.00 |   0.00 | 200.00

Coût total actuel : 279170.00

>>> Potentiels par sommet <<<
Potentiels
----------
Sommet |        Type | Potentiel
--------------------------------
    P1 | Fournisseur |      0.00
    P2 | Fournisseur |     10.00
    P3 | Fournisseur |     20.00
    P4 | Fournisseur |     30.00
    P5 | Fournisseur |     40.00
    P6 | Fournisseur |     50.00
    P7 | Fournisseur |     60.00
    P8 | Fournisseur |     70.00
    P9 | Fournisseur |     80.00
   P10 | Fournisseur |     90.00
   P11 | Fournisseur |    100.00
   P12 | Fournisseur |    110.00
   P13 | Fournisseur |    120.00
   P14 | Fournisseur |    130.00
   P15 | Fournisseur |    140.00
   P16 | Fournisseur |    150.00
   P17 | Fournisseur |    160.00
   P18 | Fournisseur |    170.00
   P19 | Fournisseur |    180.00
   P20 | Fournisseur |    190.00
    C1 |      Client |      1.00
    C2 |      Client |      1.00
    C3 |      Client |      3.00
    C4 |      Client |      4.00
    C5 |      Client |      5.00
    C6 |      Client |      6.00
    C7 |      Client |      7.00
    C8 |      Client |      8.00
    C9 |      Client |      9.00
   C10 |      Client |     10.00

>>> Table des coûts potentiels <<<
Table des coûts potentiels
--------------------------
    |     C1 |     C2 |     C3 |     C4 |     C5 |     C6 |     C7 |     C8 |     C9 |    C10
---------------------------------------------------------------------------------------------
 P1 |   1.00 |   1.00 |   3.00 |   4.00 |   5.00 |   6.00 |   7.00 |   8.00 |   9.00 |  10.00
 P2 |  11.00 |  11.00 |  13.00 |  14.00 |  15.00 |  16.00 |  17.00 |  18.00 |  19.00 |  20.00
 P3 |  21.00 |  21.00 |  23.00 |  24.00 |  25.00 |  26.00 |  27.00 |  28.00 |  29.00 |  30.00
 P4 |  31.00 |  31.00 |  33.00 |  34.00 |  35.00 |  36.00 |  37.00 |  38.00 |  39.00 |  40.00
 P5 |  41.00 |  41.00 |  43.00 |  44.00 |  45.00 |  46.00 |  47.00 |  48.00 |  49.00 |  50.00
 P6 |  51.00 |  51.00 |  53.00 |  54.00 |  55.00 |  56.00 |  57.00 |  58.00 |  59.00 |  60.00
 P7 |  61.00 |  61.00 |  63.00 |  64.00 |  65.00 |  66.00 |  67.00 |  68.00 |  69.00 |  70.00
 P8 |  71.00 |  71.00 |  73.00 |  74.00 |  75.00 |  76.00 |  77.00 |  78.00 |  79.00 |  80.00
 P9 |  81.00 |  81.00 |  83.00 |  84.00 |  85.00 |  86.00 |  87.00 |  88.00 |  89.00 |  90.00
P10 |  91.00 |  91.00 |  93.00 |  94.00 |  95.00 |  96.00 |  97.00 |  98.00 |  99.00 | 100.00
P11 | 101.00 | 101.00 | 103.00 | 104.00 | 105.00 | 106.00 | 107.00 | 108.00 | 109.00 | 110.00
P12 | 111.00 | 111.00 | 113.00 | 114.00 | 115.00 | 116.00 | 117.00 | 118.00 | 119.00 | 120.00
P13 | 121.00 | 121.00 | 123.00 | 124.00 | 125.00 | 126.00 | 127.00 | 128.00 | 129.00 | 130.00
P14 | 131.00 | 131.00 | 133.00 | 134.00 | 135.00 | 136.00 | 137.00 | 138.00 | 139.00 | 140.00
P15 | 141.00 | 141.00 | 143.00 | 144.00 | 145.00 | 146.00 | 147.00 | 148.00 | 149.00 | 150.00
P16 | 151.00 | 151.00 | 153.00 | 154.00 | 155.00 | 156.00 | 157.00 | 158.00 | 159.00 | 160.00
P17 | 161.00 | 161.00 | 163.00 | 164.00 | 165.00 | 166.00 | 167.00 | 168.00 | 169.00 | 170.00
P18 | 171.00 | 171.00 | 173.00 | 174.00 | 175.00 | 176.00 | 177.00 | 178.00 | 179.00 | 180.00
P19 | 181.00 | 181.00 | 183.00 | 184.00 | 185.00 | 186.00 | 187.00 | 188.00 | 189.00 | 190.00
P20 | 191.00 | 191.00 | 193.00 | 194.00 | 195.00 | 196.00 | 197.00 | 198.00 | 199.00 | 200.00

>>> Table des coûts marginaux <<<
Table des coûts marginaux
-------------------------
    |   C1 |   C2 |   C3 |   C4 |   C5 |   C6 |   C7 |   C8 |   C9 |  C10
-------------------------------------------------------------------------
 P1 | 0.00 | 1.00 | 0.00 | 0.00 | 0.00 | 0.00 | 0.00 | 0.00 | 0.00 | 0.00
 P2 | 0.00 | 1.00 | 0.00 | 0.00 | 0.00 | 0.00 | 0.00 | 0.00 | 0.00 | 0.00
 P3 | 0.00 | 1.00 | 0.00 | 0.00 | 0.00 | 0.00 | 0.00 | 0.00 | 0.00 | 0.00
 P4 | 0.00 | 1.00 | 0.00 | 0.00 | 0.00 | 0.00 | 0.00 | 0.00 | 0.00 | 0.00
 P5 | 0.00 | 0.00 | 0.00 | 0.00 | 0.00 | 0.00 | 0.00 | 0.00 | 0.00 | 0.00
 P6 | 0.00 | 1.00 | 0.00 | 0.00 | 0.00 | 0.00 | 0.00 | 0.00 | 0.00 | 0.00
 P7 | 0.00 | 1.00 | 0.00 | 0.00 | 0.00 | 0.00 | 0.00 | 0.00 | 0.00 | 0.00
 P8 | 0.00 | 1.00 | 0.00 | 0.00 | 0.00 | 0.00 | 0.00 | 0.00 | 0.00 | 0.00
 P9 | 0.00 | 1.00 | 0.00 | 0.00 | 0.00 | 0.00 | 0.00 | 0.00 | 0.00 | 0.00
P10 | 0.00 | 1.00 | 0.00 | 0.00 | 0.00 | 0.00 | 0.00 | 0.00 | 0.00 | 0.00
P11 | 0.00 | 1.00 | 0.00 | 0.00 | 0.00 | 0.00 | 0.00 | 0.00 | 0.00 | 0.00
P12 | 0.00 | 1.00 | 0.00 | 0.00 | 0.00 | 0.00 | 0.00 | 0.00 | 0.00 | 0.00
P13 | 0.00 | 1.00 | 0.00 | 0.00 | 0.00 | 0.00 | 0.00 | 0.00 | 0.00 | 0.00
P14 | 0.00 | 1.00 | 0.00 | 0.00 | 0.00 | 0.00 | 0.00 | 0.00 | 0.00 | 0.00
P15 | 0.00 | 1.00 | 0.00 | 0.00 | 0.00 | 0.00 | 0.00 | 0.00 | 0.00 | 0.00
P16 | 0.00 | 1.00 | 0.00 | 0.00 | 0.00 | 0.00 | 0.00 | 0.00 | 0.00 | 0.00
P17 | 0.00 | 1.00 | 0.00 | 0.00 | 0.00 | 0.00 | 0.00 | 0.00 | 0.00 | 0.00
P18 | 0.00 | 1.00 | 0.00 | 0.00 | 0.00 | 0.00 | 0.00 | 0.00 | 0.00 | 0.00
P19 | 0.00 | 1.00 | 0.00 | 0.00 | 0.00 | 0.00 | 0.00 | 0.00 | 0.00 | 0.00
P20 | 0.00 | 1.00 | 0.00 | 0.00 | 0.00 | 0.00 | 0.00 | 0.00 | 0.00 | 0.00

✓ Solution optimale trouvée !
  Tous les coûts marginaux sont >= 0

======================================================================
>>> SOLUTION OPTIMALE FINALE <<<
======================================================================

Proposition de transport optimale :
Proposition de transport
------------------------
    |    C1 |    C2 |    C3 |     C4 |     C5 |     C6 |     C7 |     C8 |     C9 |    C10
------------------------------------------------------------------------------------------
 P1 | 10.00 |  0.00 |  0.00 |   0.00 |   0.00 |   0.00 |   0.00 |   0.00 |   0.00 |   0.00
 P2 | 20.00 |  0.00 |  0.00 |   0.00 |   0.00 |   0.00 |   0.00 |   0.00 |   0.00 |   0.00
 P3 | 30.00 |  0.00 |  0.00 |   0.00 |   0.00 |   0.00 |   0.00 |   0.00 |   0.00 |   0.00
 P4 | 40.00 |  0.00 |  0.00 |   0.00 |   0.00 |   0.00 |   0.00 |   0.00 |   0.00 |   0.00
 P5 | 20.00 | 30.00 |  0.00 |   0.00 |   0.00 |   0.00 |   0.00 |   0.00 |   0.00 |   0.00
 P6 |  0.00 | 60.00 |  0.00 |   0.00 |   0.00 |   0.00 |   0.00 |   0.00 |   0.00 |   0.00
 P7 |  0.00 | 50.00 | 20.00 |   0.00 |   0.00 |   0.00 |   0.00 |   0.00 |   0.00 |   0.00
 P8 |  0.00 |  0.00 | 80.00 |   0.00 |   0.00 |   0.00 |   0.00 |   0.00 |   0.00 |   0.00
 P9 |  0.00 |  0.00 | 60.00 |  30.00 |   0.00 |   0.00 |   0.00 |   0.00 |   0.00 |   0.00
P10 |  0.00 |  0.00 |  0.00 | 100.00 |   0.00 |   0.00 |   0.00 |   0.00 |   0.00 |   0.00
P11 |  0.00 |  0.00 |  0.00 |  50.00 |  60.00 |   0.00 |   0.00 |   0.00 |   0.00 |   0.00
P12 |  0.00 |  0.00 |  0.00 |   0.00 | 120.00 |   0.00 |   0.00 |   0.00 |   0.00 |   0.00
P13 |  0.00 |  0.00 |  0.00 |   0.00 |  20.00 | 110.00 |   0.00 |   0.00 |   0.00 |   0.00
P14 |  0.00 |  0.00 |  0.00 |   0.00 |   0.00 | 110.00 |  30.00 |   0.00 |   0.00 |   0.00
P15 |  0.00 |  0.00 |  0.00 |   0.00 |   0.00 |   0.00 | 150.00 |   0.00 |   0.00 |   0.00
P16 |  0.00 |  0.00 |  0.00 |   0.00 |   0.00 |   0.00 |  60.00 | 100.00 |   0.00 |   0.00
P17 |  0.00 |  0.00 |  0.00 |   0.00 |   0.00 |   0.00 |   0.00 | 160.00 |  10.00 |   0.00
P18 |  0.00 |  0.00 |  0.00 |   0.00 |   0.00 |   0.00 |   0.00 |   0.00 | 180.00 |   0.00
P19 |  0.00 |  0.00 |  0.00 |   0.00 |   0.00 |   0.00 |   0.00 |   0.00 |  90.00 | 100.00
P20 |  0.00 |  0.00 |  0.00 |   0.00 |   0.00 |   0.00 |   0.00 |   0.00 |   0.00 | 200.00

Coût total optimal : 279170.00
Coût initial (Nord-Ouest) : 279170.00
Amélioration : -0.00 (-0.00%)
Nombre d'itérations : 3
